0  0  0  0  0  0  0  0  0  0  0  0  0  0  0  0  0  0  0  0  
0  0  0  0  0  0  0  0  0  0  0  0  0  0  0  0  0  0  0  0  
0  0  0  0  0  0  0  0  0  0  0  0  6  6  6  6  6  6  6  0  
0  0  0  0  0  0  0  6  6  0  0  6  0  0  0  32  0  0  6  0  
0  0  0  0  6  6  0  0  0  0  0  0  0  0  0  0  0  0  6  0  
0  0  0  6  0  0  4  0  0  0  4  4  0  0  12  12  12  12  0  0  
0  0  0  6  0  0  0  0  0  12  12  12  12  12  0  0  0  6  0  0  
0  0  0  6  0  0  11  11  11  11  0  0  0  0  0  0  6  0  0  0  
0  0  0  4  4  18  0  25  25  25  25  25  25  25  0  25  6  0  0  0  
0  0  0  0  0  18  6  6  6  6  6  6  1  1  1  1  1  0  0  0  
0  0  0  0  0  18  0  0  0  0  12  12  12  0  0  0  32  32  32  0  
0  0  0  0  0  0  18  0  0  0  0  0  0  0  0  32  0  0  0  0  
